paleta <- c(
  "#DD0202",
  "#C70319",
  "#B10530",
  "#9B0647",
  "#85085E",
  "#6F0976",
  "#580A8D",
  "#420CA4",
  "#2C0DBB",
  "#160FD2",
  "#0010E9"
)
paleta <- c("#03071e", "#370617", "#6a040f", "#9d0208", "#d00000", "#dc2f02", "#e85d04", "#f48c06", "#faa307", "#ffba08")